4E 54 00 10 05 2B 0D 01 00 01 60 60 00 00 00 00 01 04 49 2D 
4E 54 00 11 05 2B 0D 01 00 01 60 71 00 00 00 00 02 40 00 EF 36 
4E 54 00 13 05 2B 0D 01 00 01 20 31 00 00 00 00 04 08 07 00 00 B5 52 
4E 54 00 13 05 2B 0D 01 00 01 20 3B 01 00 00 00 04 08 07 00 00 98 E2 
4E 54 00 11 05 2B 0D 01 00 01 60 72 00 00 00 00 02 E8 03 90 E2 
4E 54 00 13 05 2B 0D 01 00 01 60 87 00 00 00 00 04 E8 03 00 00 71 9A 
4E 54 00 11 05 2B 0D 01 00 01 60 40 00 00 00 00 02 06 00 1F 8E 
4E 54 00 11 05 2B 0D 01 00 01 60 40 00 00 00 00 02 07 00 1E 1E 
4E 54 00 11 05 2B 0D 01 00 01 60 40 00 00 00 00 02 0F 00 19 DE 
4E 54 00 11 05 2B 0D 01 00 01 60 71 00 00 00 00 02 00 00 DE F6 
4E 54 00 11 05 2B 0D 01 00 01 60 71 00 00 00 00 02 32 00 CB 96 
4E 54 00 11 05 2B 0D 01 00 01 60 71 00 00 00 00 02 64 00 F4 36 
4E 54 00 11 05 2B 0D 01 00 01 60 71 00 00 00 00 02 C8 00 89 36 
4E 54 00 11 05 2B 0D 01 00 01 60 71 00 00 00 00 02 2C 01 03 F6 
4E 54 00 11 05 2B 0D 01 00 01 60 71 00 00 00 00 02 90 01 73 36 
4E 54 00 11 05 2B 0D 01 00 01 60 71 00 00 00 00 02 F4 01 59 F6 
4E 54 00 11 05 2B 0D 01 00 01 60 71 00 00 00 00 02 58 02 64 F7 
4E 54 00 11 05 2B 0D 01 00 01 60 71 00 00 00 00 02 BC 02 2F F7 
4E 54 00 11 05 2B 0D 01 00 01 60 71 00 00 00 00 02 20 03 87 37 
4E 54 00 11 05 2B 0D 01 00 01 60 71 00 00 00 00 02 84 03 FD F7 
4E 54 00 11 05 2B 0D 01 00 01 60 71 00 00 00 00 02 E8 03 D0 F7 
4E 54 00 11 05 2B 0D 01 00 01 60 71 00 00 00 00 02 9C FF F7 B6 
4E 54 00 11 05 2B 0D 01 00 01 60 71 00 00 00 00 02 38 FF 8D 76 
4E 54 00 11 05 2B 0D 01 00 01 60 71 00 00 00 00 02 D4 FE 00 76 
4E 54 00 11 05 2B 0D 01 00 01 60 71 00 00 00 00 02 70 FE 7A B6 
4E 54 00 11 05 2B 0D 01 00 01 60 71 00 00 00 00 02 0C FE 5A 76 
4E 54 00 11 05 2B 0D 01 00 01 60 71 00 00 00 00 02 A8 FD 60 B7 
4E 54 00 11 05 2B 0D 01 00 01 60 71 00 00 00 00 02 44 FD 2C 77 
4E 54 00 11 05 2B 0D 01 00 01 60 71 00 00 00 00 02 E0 FC 97 77 
4E 54 00 11 05 2B 0D 01 00 01 60 71 00 00 00 00 02 7C FC FE 77 
4E 54 00 11 05 2B 0D 01 00 01 60 71 00 00 00 00 02 18 FC D4 B7 
4E 54 00 11 05 2B 0D 01 00 01 60 40 00 00 00 00 02 07 00 1E 1E 
4E 54 00 11 05 2B 0D 01 00 01 60 40 00 00 00 00 02 06 00 1F 8E 

  serial->torqueMode( 64, 1000, 1800, 1800, 1000 );
  serial->changeTorque( 0 );
  serial->changeTorque( 50 );
  serial->changeTorque( 100 );
  serial->changeTorque( 200 );
  serial->changeTorque( 300 );
  serial->changeTorque( 400 );
  serial->changeTorque( 500 );
  serial->changeTorque( 600 );
  serial->changeTorque( 700 );
  serial->changeTorque( 800 );
  serial->changeTorque( 900 );
  serial->changeTorque( 1000 );
  serial->changeTorque( -100 );
  serial->changeTorque( -200 );
  serial->changeTorque( -300 );
  serial->changeTorque( -400 );
  serial->changeTorque( -500 );
  serial->changeTorque( -600 );
  serial->changeTorque( -700 );
  serial->changeTorque( -800 );
  serial->changeTorque( -900 );
  serial->changeTorque( -1000 );
  serial->stop();

